Epochs	Train Loss	Val Loss	Train Accuracy	Val Accuracy	Train iou	Val iou
1	0.683988	0.524770	0.779344	0.835323	0.410333	0.494826
2	0.400339	0.439227	0.874766	0.858456	0.547048	0.557808
3	0.341135	0.398880	0.891745	0.871084	0.597103	0.586583
4	0.307582	0.378562	0.900838	0.878980	0.622834	0.605630
5	0.286624	0.374280	0.906894	0.882244	0.639701	0.620983
6	0.265750	0.370711	0.912504	0.887049	0.654034	0.629528
7	0.249129	0.346723	0.917189	0.890960	0.665165	0.640191
8	0.240616	0.355141	0.919767	0.890925	0.671045	0.642411
9	0.227982	0.394359	0.923228	0.890954	0.677047	0.647440
