Epochs	Train Loss	Val Loss	Train Accuracy	Val Accuracy	Train iou	Val iou
1	0.654529	0.491533	0.791412	0.844736	0.422723	0.510390
2	0.372233	0.421965	0.883064	0.865599	0.565124	0.575861
3	0.322120	0.389520	0.897121	0.877412	0.608770	0.602271
4	0.294587	0.376956	0.904534	0.882329	0.630126	0.621736
5	0.272930	0.358652	0.910420	0.886516	0.645853	0.630515
6	0.254715	0.365879	0.915393	0.887822	0.660244	0.636060
7	0.246959	0.352184	0.917978	0.888823	0.665959	0.640014
8	0.230775	0.373916	0.922364	0.886691	0.675807	0.645906
9	0.217852	0.377315	0.926427	0.884893	0.682567	0.644593
