Epochs	Train Loss	Val Loss	Train Accuracy	Val Accuracy	Train iou	Val iou
1	1.357062	0.691078	0.688833	0.784283	0.307420	0.418091
2	0.545653	0.602827	0.833005	0.810376	0.453994	0.460319
3	0.477490	0.572974	0.851861	0.821760	0.490664	0.493785
4	0.439594	0.561940	0.862574	0.828351	0.518009	0.514053
5	0.411709	0.563204	0.870459	0.834045	0.536753	0.527916
6	0.388866	0.537457	0.876702	0.839991	0.551040	0.539170
7	0.369478	0.524259	0.881893	0.843745	0.563373	0.546818
8	0.351598	0.514343	0.886476	0.848163	0.575548	0.557375
9	0.336122	0.506316	0.890604	0.849277	0.585834	0.563150
10	0.323118	0.517529	0.894287	0.850916	0.595102	0.571370
11	0.308591	0.495262	0.898578	0.853036	0.604119	0.578067
12	0.299487	0.510120	0.901554	0.854226	0.609145	0.580885
13	0.286981	0.509541	0.905165	0.857751	0.617449	0.586216
14	0.275769	0.483665	0.908154	0.859107	0.622810	0.588940
15	0.264366	0.471283	0.911697	0.863619	0.628670	0.593570
16	0.254264	0.487571	0.914587	0.866934	0.634021	0.595595
17	0.251152	0.478993	0.915379	0.861884	0.635271	0.592001
18	0.240269	0.457756	0.918943	0.869632	0.640640	0.596324
19	0.228221	0.454786	0.922526	0.874351	0.646266	0.604038
20	0.219057	0.475321	0.925440	0.874797	0.651257	0.603212
21	0.215849	0.481212	0.926527	0.877488	0.653415	0.605787
22	0.213811	0.502166	0.926993	0.879189	0.654807	0.604674
23	0.212641	0.490614	0.927227	0.879184	0.656143	0.602764
24	0.202513	0.501774	0.930452	0.879616	0.660648	0.602113
25	0.200384	0.433839	0.931422	0.865496	0.662659	0.585402
26	0.194179	0.483268	0.932916	0.882207	0.665487	0.601612
27	0.184455	0.511408	0.936033	0.880937	0.670732	0.596896
