Epochs	Train Loss	Val Loss	Train Accuracy	Val Accuracy	Train iou	Val iou
1	3.529272	1.241466	0.331796	0.582024	0.116916	0.222695
2	0.897620	0.835788	0.708496	0.743515	0.306769	0.362755
3	0.664550	0.719230	0.796767	0.788791	0.408143	0.425444
4	0.558564	0.641700	0.830367	0.807813	0.451006	0.445802
5	0.499519	0.619686	0.846243	0.814998	0.470010	0.456435
6	0.462716	0.579114	0.856046	0.823585	0.483734	0.472647
7	0.437167	0.582787	0.862945	0.825981	0.498830	0.494739
8	0.410180	0.563735	0.870470	0.829144	0.521441	0.513132
9	0.388291	0.558972	0.876679	0.831578	0.539101	0.520612
10	0.367326	0.560187	0.882460	0.834861	0.551471	0.525546
11	0.355903	0.519440	0.885315	0.841709	0.561009	0.542210
12	0.336556	0.515977	0.890391	0.840986	0.572523	0.534596
13	0.315367	0.500343	0.896448	0.849854	0.584284	0.556952
14	0.296511	0.487348	0.901950	0.848717	0.595414	0.561680
15	0.282396	0.520020	0.905726	0.844582	0.605175	0.544333
